,adv,lfr,roc,adv_eo,eo
0,4.3999999999999995,6.550000000000001,2.6,6.866666666666667,2.0166666666666666
1,4.05,6.516666666666667,2.6,7.5,2.0166666666666666
2,4.066666666666666,6.533333333333332,2.6,7.116666666666667,2.0166666666666666
3,4.5,6.483333333333334,2.6,6.916666666666667,2.0166666666666666
4,4.383333333333334,6.466666666666667,2.6,5.633333333333333,2.0166666666666666
5,4.55,6.483333333333334,2.6,6.033333333333333,2.0166666666666666
6,3.6833333333333336,6.583333333333333,2.6,8.433333333333334,2.0166666666666666
7,3.266666666666666,6.583333333333333,2.6,8.066666666666666,2.0166666666666666
8,4.7,6.466666666666667,2.6,5.3,2.0166666666666666
9,3.3666666666666663,6.6000000000000005,2.6,6.366666666666666,2.0166666666666666
